1 -40 55 -14
2 40 55 -14
3 -40 -65 -14
4 40 -65 -14
5 -40 55 -16
6 40 55 -16
7 -40 -65 -16
8 40 -65 -16
9 0 -22.4 3

10 0 -21.7 4.1
11 -0.2 -21.84 4.2
12 -0.4 -21.98 4.4
13 -0.4 -22.12 4.6
14 -0.2 -22.26 4.8
15 0 -22.4 4.9
19 0.2 -21.84 4.2
18 0.4 -21.98 4.4
17 0.4 -22.12 4.6
16 0.2 -22.26 4.8

20 0 -21.1 4.8
21 -0.38 -21.26 4.9
22 -0.6 -21.42 5.3
23 -0.6 -21.58 5.7
24 -0.38 -21.74 5.9
25 0 -21.9 6
29 0.38 -21.26 4.9
28 0.6 -21.42 5.3
27 0.6 -21.58 5.7
26 0.38 -21.74 5.9

30 0 -19.8 5.4
31 -0.6 -20.1 5.6
32 -1 -20.4 6
33 -1 -20.7 6.6
34 -0.6 -21 7
35 0 -21.3 7.2
39 0.6 -20.1 5.6
38 1 -20.4 6
37 1 -20.7 6.6
36 0.6 -21 7

40 0 -18.2 5.6
41 -0.6 -18.66 5.8
42 -1.1 -19.12 6.4
43 -1.1 -19.58 7.2
44 -0.6 -20.04 7.8
45 0 -20.5 8
49 0.6 -18.66 5.8
48 1.1 -19.12 6.4
47 1.1 -19.58 7.2
46 0.6 -20.04 7.8

50 0 -17 5.8
51 -1.2 -17.4 6.2
52 -1.8 -17.8 7.2
53 -1.8 -18.2 8
54 -1.2 -18.6 9.1
55 0 -19 9.5
59 1.2 -17.4 6.2
58 1.8 -17.8 7.2
57 1.8 -18.2 8
56 1.2 -18.6 9.1

60 0 -15 6.
61 -1.4 -15.4 6.4
62 -2.2 -15.8 7.4
63 -2.2 -16.2 8.6
64 -1.4 -16.6 9.8
65 0 -17 10.5
69 1.4 -15.4 6.4
68 2.2 -15.8 7.4
67 2.2 -16.2 8.6
66 1.4 -16.6 9.8

70 0 -13 5.6
71 -1.8 -13.4 6.2
72 -2.9 -13.8 7.6 
73 -2.9 -14.2 9.2
74 -1.8 -14.6 10.6
75 0 -15 11.4
79 1.8 -13.4 6.2
78 2.9 -13.8 7.6 
77 2.9 -14.2 9.2
76 1.8 -14.6 10.6

80 0 -11 6.
81 -1.6 -11.4 6.5
82 -2.5 -11.8 7.7
83 -2.5 -12.2 9.1
84 -1.6 -12.6 10.5
85 0 -13 11.4
89 1.6 -11.4 6.5
88 2.5 -11.8 7.7
87 2.5 -12.2 9.1
86 1.6 -12.6 10.5

90 0 -10 6.4
91 -1.4 -10.32 6.8
92 -2.2 -10.64 7.8
93 -2.2 -10.96 9
94 -1.4 -11.28 10.2
95 0 -11.6 10.9
99 1.4 -10.32 6.8
98 2.2 -10.64 7.8
97 2.2 -10.96 9
96 1.4 -11.28 10.2

100 0 -9 7.
101 -1 -9.2 7.2
102 -1.6 -9.4 8
103 -1.6 -9.6 8.9
104 -1 -9.8 9.8
105 0 -10 10.
109 1 -9.2 7.2
108 1.6 -9.4 8
107 1.6 -9.6 8.9
106 1 -9.8 9.8

110 0 -8 8.
111 -0.3 -8 8.1
112 -0.5 -8 8.3
113 -0.5 -8 8.7
114 -0.3 -8 8.9 
115 0 -8 9.
119 0.3 -8 8.1
118 0.5 -8 8.3
117 0.5 -8 8.7
116 0.3 -8 8.9

120 0 -7 8.
121 -0.3 -7 8.1 
122 -0.5 -7 8.3
123 -0.5 -7 8.7
124 -0.3 -7 8.9
125 0 -7 9.
129 0.3 -7 8.1 
128 0.5 -7 8.3
127 0.5 -7 8.7
126 0.3 -7 8.9

130 0 -6 7
131 -1.3 -6 7.6 
132 -2 -6 8.4
133 -2 -6 9.4
134 -1.4 -6 10.6
135 0 -6 11
139 1.3 -6 7.6 
138 2 -6 8.4
137 2 -6 9.4
136 1.4 -6 10.6

140 0 -3 6.6
141 -2.2 -3 7.2
142 -3 -3 9.
143 -3 -3 10.5
144 -2.2 -3 12.2
145 0 -3 12.6
149 2.2 -3 7.2
148 3 -3 9.
147 3 -3 10.5
146 2.2 -3 12.2

150 0 -1 6.8
151 -2 -1 7.8
152 -3 -1 9.4
153 -3 -1 10.8
154 -2 -1 12.6
155 0 -1 13.1
159 2 -1 7.8
158 3 -1 9.4
157 3 -1 10.8
156 2 -1 12.6

160 0 1 7.
161 -2 1 8.
162 -3 1 9.6
163 -3 1 11.
164 -2 1 12.8
165 0 1 13.4
169 2 1 8.
168 3 1 9.6
167 3 1 11.
166 2 1 12.8

170 0 3 7.4
171 -2 3 8.2
172 -3 3 9.8
173 -3 3 11.2
174 -2 3 12.8
175 0 3 13.6
179 2 3 8.2
178 3 3 9.8
177 3 3 11.2
176 2 3 12.8

180 0 5 8.
181 -1.8 5 8.8
182 -2.5 5 10.
183 -2.5 5 11.
184 -1.8 5 12.2
185 0 5 13.
189 1.8 5 8.8
188 2.5 5 10.
187 2.5 5 11.
186 1.8 5 12.2

190 0 6 8.5
191 -0.8 6 8.8
192 -1.2 6 9.4
193 -1.2 6 10.2
194 -0.8 6 10.8
195 0 6 11.
199 0.8 6 8.8
198 1.2 6 9.4
197 1.2 6 10.2
196 0.8 6 10.8

200 0 7 9.
201 -0.3 7 9.1
202 -0.5 7 9.3
203 -0.5 7 9.7
204 -0.3 7 9.9
205 0 7 10.
209 0.3 7 9.1
208 0.5 7 9.3
207 0.5 7 9.7
206 0.3 7 9.9

210 0 7.8 8
211 -1.4 7.94 8.4
212 -2 8.08 9.5
213 -2 8.22 10.5 
214 -1.4 8.36 11.4
215 0 8.5 11.8
219 1.4 7.94 8.4
218 2 8.08 9.5
217 2 8.22 10.5 
216 1.4 8.36 11.4

220 0 8 7.
221 -1.6 8.22 8
222 -2.47 8.44 10
223 -2.8 8.66 11.6
224 -2 8.88 12.4
225 0 9.1 12.6 
229 1.6 8.22 8
228 2.47 8.44 10
227 2.8 8.66 11.6
226 2 8.88 12.4

230 0 9 7.5
231 -1.4 9.16 8.3
232 -2.1 9.32 10
233 -2.4 9.48 11.4
234 -1.7 9.64 12
235 0 9.8 12.3
239 1.4 9.16 8.3
238 2.1 9.32 10
237 2.4 9.48 11.4
236 1.7 9.64 12

240 0 9.6 8
241 -1 9.76 8.8
242 -1.6 9.92 10
243 -1.8 10.08 11
244 -1.3 10.24 11.6
245 0 10.4 12
249 1 9.76 8.8
248 1.6 9.92 10
247 1.8 10.08 11
246 1.3 10.24 11.6

250 0 10.4 9
251 -0.6 10.48 9.2
252 -1 10.56 10
253 -1 10.64 10.5
254 -0.6 10.72 10.7
255 0 10.8 11
256 0.6 10.72 10.7
257 1 10.64 10.5
258 1 10.56 10
259 0.6 10.48 9.2
260 0 10.8 10

261 -0.5 10.2 10
262 -0.75 11.2 9.8
263 -1 12 9.8
264 -1.25 13 10.2
265 -1.5 15 10.4
266 -1.75 16 9.6
267 -2 15.6 9

268 0.5 10.2 10
269 0.75 11.2 9.8
270 1 12 9.8
271 1.25 13 10.2
272 1.5 15 10.4
273 1.75 16 9.6
274 2 15.6 9

275 0 0 0.
276 0 0 0.
277 0 0 0.
278 0 0 0.
279 0 0 0.
280 0 0 0.
281 0 0 0.
282 0 0 0.
283 0 0 0.
284 0 0 0.
285 0 0 0.
286 0 0 0.
287 0 0 0.
288 0 0 0.
289 0 0 0.
290 0 0 0.
291 0 0 0.
292 0 0 0.
293 0 0 0.
294 0 0 0.
295 0 0 0.
296 0 0 0.
297 0 0 0.
298 0 0 0.
299 0 0 0.
300 0 0 0.

301 -2 3 12.8
302 -2 3 12.8
303 -2 3 12.8
304 -2 -1 14.
305 -2 -2 14.1
306 -2 -3 14.
307 -2 -5 13.8
308 -2 -6 13.4
309 -2 -7.4 14
310 -2 -9 14.7
311 -2 -11.2 16
312 -2 -13 17.2
313 -2 -14 18.
314 -2 -14.4 18.4
315 -2 -14.4 19
316 -2 -15.2 20
317 -2 -15.8 21
318 -2 -16 22.
319 -2 -16.2 23
320 -2 -16 24.
321 -2 -16.6 24.8
322 -2 -17 26.
323 -2 -17.4 27
324 -2 -17.6 28
325 -2 -18 30.
326 -2 -17.8 31
327 -2 -17 31.6
328 -2 -16 31.2
329 -2 -15 30.5
330 -2 -13.1 29.2
331 -2 -11.6 28
332 -2 -9.2 26
333 -2 -7.9 24
334 -2 -5 21.6
335 -2 -3 19.2
336 -2 -1.9 18


337 -2 -1.6 16.6
338 -2 -1.6 14.8
339 -2 -1.8 15.9
340 -2 -2.2 16.2
341 -2 -2.3 16.8
342 -2 -2.7 17
343 -2 -3.8 19.5
344 -2 -4.1 19.5
345 -2 -5 20
346 -2 -6.6 21
347 -2 -7.4 23.1
348 -2 -8.2 23.7
349 -2 -9.1 24.4
350 -2 -9 24.7
351 -2 -9 25.4
352 -2 -9.8 25.5
353 -2 -10.2 26
354 -2 -11 26
355 -2 -12.8 27.2
356 -2 -12.8 27.7
357 -2 -13.1 27.9
358 -2 -14.8 29.2
359 -2 -2.7 16
360 -2 -3.1 16
361 -2 -4 16.8
362 -2 -4.3 18
363 -2 -4.8 18.4
364 -2 -5.5 19.4
365 -2 -5.2 18
366 -2 -5.5 18
367 -2 -6 19.2
368 -2 -7.5 20.3
369 -2 -8 20.5
370 -2 -9 20.7
371 -2 -9.7 23.4
372 -2 -11 22.6 
373 -2 -11.3 23
374 -2 -10.5 24.2
375 -2 -11.6 24.8
376 -2 -11.7 24.4
377 -2 -12 25.4
378 -2 -12.8 26.8
379 -2 -13.6 27.4
380 -2 -14.6 27.4
381 -2 -15.4 27.6
382 -2 -16 28
383 -2 -17 29
384 -2 -3.2 15
385 -2 -3.7 15
386 -2 -5 16.2
387 -2 -5 16.4
388 -2 -5.6 16.7
389 -2 -7 17.6
390 -2 -7.6 17.6
391 -2 -8.4 18
392 -2 -9 18.4
393 -2 -9 18.7
394 -2 -9.3 18.9
395 -2 -9.7 19
396 -2 -10.1 19
397 -2 -9.2 20
398 -2 -10.7 20
399 -2 -11.2 21.7
400 -2 -11.7 20
401 -2 -12.4 23
402 -2 -12.8 23.6
403 -2 -13.6 24.8
404 -2 -14.4 24.8
405 -2 -15.6 26
406 -2 -15.7 27
407 -2 -13.5 23.6
408 -2 -14 23.8
409 -2 -15 23.8
410 -2 -13.5 23
411 -2 -13 22.5
412 -2 -12.8 22
413 -2 -13.2 21.6
414 -2 -15 22.2
415 -2 -14.2 21
416 -2 -13.3 20.9
417 -2 -12.6 18.5
418 -2 -13.6 19
419 -2 -11.8 18.2
420 -2 -11.7 18
421 -2 -10.8 18
422 -2 -7.3 16
423 -2 -6.8 16
424 -2 -7 19.5
425 -2 -8.4 22.6
426 -2 -11.9 24
427 -2 -13 20.8
428 -2 -12.7 20.8
429 -2 -10.5 18.6
430 -2 -11.7 23


452 0 0 0.
453 0 0 0.
454 0 0 0.
455 0 0 0.
456 0 0 0.
457 0 0 0.
458 0 0 0.
459 0 0 0.
460 0 0 0.
461 0 0 0.
462 0 0 0.
463 0 0 0.
464 0 0 0.
465 0 0 0.
466 0 0 0.
467 0 0 0.
468 0 0 0.
469 0 0 0.
470 0 0 0.
471 0 0 0.
472 0 0 0.
473 0 0 0.
474 0 0 0.
475 0 0 0.
476 0 0 0.
477 0 0 0.
478 0 0 0.
479 0 0 0.
480 0 0 0.
481 0 0 0.
482 0 0 0.
483 0 0 0.
484 0 0 0.
485 0 0 0.
486 0 0 0.
487 0 0 0.
488 0 0 0.
489 0 0 0.
490 0 0 0.
491 0 0 0.
492 0 0 0.
493 0 0 0.
494 0 0 0.
495 0 0 0.
496 0 0 0.
497 0 0 0.
498 0 0 0.
499 0 0 0.
500 0 0 0.

501 2 3 12.8
502 2 3 12.8
503 2 3 12.8
504 2 -1 14.
505 2 -2 14.1
506 2 -3 14.
507 2 -5 13.8
508 2 -6 13.4
509 2 -7.4 14
510 2 -9 14.7
511 2 -11.2 16
512 2 -13 17.2
513 2 -14 18.
514 2 -14.4 18.4
515 2 -14.4 19
516 2 -15.2 20
517 2 -15.8 21
518 2 -16 22.
519 2 -16.2 23
520 2 -16 24.
521 2 -16.6 24.8
522 2 -17 26.
523 2 -17.4 27
524 2 -17.6 28
525 2 -18 30.
526 2 -17.8 31
527 2 -17 31.6
528 2 -16 31.2
529 2 -15 30.5
530 2 -13.1 29.2
531 2 -11.6 28
532 2 -9.2 26
533 2 -7.9 24
534 2 -5 21.6
535 2 -3 19.2
536 2 -1.9 18
537 2 -1.6 16.6
538 2 -1.6 14.8
539 2 -1.8 15.9
540 2 -2.2 16.2
541 2 -2.3 16.8
542 2 -2.7 17
543 2 -3.8 19.5
544 2 -4.1 19.5
545 2 -5 20
546 2 -6.6 21
547 2 -7.4 23.1
548 2 -8.2 23.7
549 2 -9.1 24.4
550 2 -9 24.7
551 2 -9 25.4
552 2 -9.8 25.5
553 2 -10.2 26
554 2 -11 26
555 2 -12.8 27.2
556 2 -12.8 27.7
557 2 -13.1 27.9
558 2 -14.8 29.2
559 2 -2.7 16
560 2 -3.1 16
561 2 -4 16.8
562 2 -4.3 18
563 2 -4.8 18.4
564 2 -5.5 19.4
565 2 -5.2 18
566 2 -5.5 18
567 2 -6 19.2
568 2 -7.5 20.3
569 2 -8 20.5
570 2 -9 20.7
571 2 -9.7 23.4
572 2 -11 22.6 
573 2 -11.3 23
574 2 -10.5 24.2
575 2 -11.6 24.8
576 2 -11.7 24.4
577 2 -12 25.4
578 2 -12.8 26.8
579 2 -13.6 27.4
580 2 -14.6 27.4
581 2 -15.4 27.6
582 2 -16 28
583 2 -17 29
584 2 -3.2 15
585 2 -3.7 15
586 2 -5 16.2
587 2 -5 16.4
588 2 -5.6 16.7
589 2 -7 17.6
590 2 -7.6 17.6
591 2 -8.4 18
592 2 -9 18.4
593 2 -9 18.7
594 2 -9.3 18.9
595 2 -9.7 19
596 2 -10.1 19
597 2 -9.2 20
598 2 -10.7 20
599 2 -11.2 21.7
600 2 -11.7 20
601 2 -12.4 23
602 2 -12.8 23.6
603 2 -13.6 24.8
604 2 -14.4 24.8
605 2 -15.6 26
606 2 -15.7 27
607 2 -13.5 23.6
608 2 -14 23.8
609 2 -15 23.8
610 2 -13.5 23
611 2 -13 22.5
612 2 -12.8 22
613 2 -13.2 21.6
614 2 -15 22.2
615 2 -14.2 21
616 2 -13.3 20.9
617 2 -12.6 18.5
618 2 -13.6 19
619 2 -11.8 18.2
620 2 -11.7 18
621 2 -10.8 18
622 2 -7.3 16
623 2 -6.8 16
624 2 -7 19.5
625 2 -8.4 22.6
626 2 -11.9 24
627 2 -13 20.8
628 2 -12.7 20.8
629 2 -10.5 18.6
630 2 -11.7 23





431 2 -6 9.4
432 5 -13 12
433 9 -22 2
434 5.6 -12.5 11
435 8.5 -21.6 2
436 4.6 -13.6 11
437 8 -22.4 2
 
438 3 -1 9.4
439 6 -4 11
440 11 -11 2
441 6.4 -3.5 10
442 10 -9.5 2
443 5.6 -4.5 10
444 9.7 -10.5 2
 
445 2 3 9.8
446 5 4 12
447 7 4 2
448 5 4.5 11
449 6 4.5 2
450 5 3.5 11
451 6 3.5 2





631 -2 -6 9.4
632 -5 -13 12
633 -9 -22 2
634 -5.6 -12.5 11
635 -8.5 -21.6 2
636 -4.6 -13.6 11
637 -8 -22.4 2
 
638 -3 -1 9.4
639 -6 -4 11
640 -11 -11 2
641 -6.4 -3.5 10
642 -10 -9.5 2
643 -5.6 -4.5 10
644 -9.7 -10.5 2
 
645 -2 3 9.8
646 -5 4 12
647 -7 4 2
648 -5 4.5 11
649 -6 4.5 2
650 -5 3.5 11
651 -6 3.5 2



653 -2 3 12.8
654 2 3 12.8

655 -0.5 -7 8.3
656 0.5 -7 8.3


Faces:



301 304. 
304 305. 
305 306. 
306 307. 
307 308. 
308 309. 
309 310. 
310 311. 
311 312. 
312 313. 
313 314. 
314 315. 
315 316. 
316 317. 
317 318. 
318 319. 
319 320. 
320 321. 
321 322. 
322 323. 
323 324. 
324 325. 
325 326. 
326 327. 
327 328. 
328 329. 
329 330. 
330 331. 
331 332. 
332 333. 
333 334. 
334 335. 
335 336. 
336 301.


501 504. 
504 505. 
505 506. 
506 507. 
507 508. 
508 509. 
509 510. 
510 511. 
511 512. 
512 513. 
513 514. 
514 515. 
515 516. 
516 517. 
517 518. 
518 519. 
519 520. 
520 521. 
521 522. 
522 523. 
523 524. 
524 525. 
525 526. 
526 527. 
527 528. 
528 529. 
529 530. 
530 531. 
531 532. 
532 533. 
533 534. 
534 535. 
535 536. 
536 501.


301 337.
337 341.
341 342.
342 343.
343 344.
344 345.
345 346.
346 347.
347 348.
348 349.
349 350.
350 351.
351 352.
352 353.
353 354.
354 355.
355 356.
356 357.
357 358.
304 338.
338 339.
339 340.
340 341.
338 359.
359 360.
360 361.
361 362.
362 363.
363 364.
364 345.
361 365.
365 366.
366 367.
367 424.
424 368.
368 369.
369 370.
370 372.
372 373.
373 426.
426 376.
376 375.
375 377.
377 378.
378 355.
369 425.
425 348.
425 371.
371 372.
371 374.
374 354.
374 376.
376 375.
375 377.
334 345.
333 350.
332 353.
357 379.
379 380.
380 381.
381 382.
382 383.
383 406.
406 405.
405 404.
404 403.
403 402.
402 401.
401 430.
430 373.
430 399.
399 397.
397 394.
394 393
393 392.
392 391.
391 390.
390 389.
389 388.
388 387.
387 386.
386 385.
385 384.
384 305.
388 424.
394 397.
397 399.
399 427.
427 428.
428 400.
400 398.
398 396.
396 395.
395 394.
402 407.
407 408.
408 409.
409 410.
410 411.
411 412.
412 413.
413 414.
414 415.
415 416.
416 417.
417 418.
418 315.
417 419.
419 420.
420 421.
421 429.
429 392.
421 422.
422 423.
423 306.
422 312.
307 423.




501 537.
537 541.
541 542.
542 543.
543 544.
544 545.
545 546.
546 547.
547 548.
548 549.
549 550.
550 551.
551 552.
552 553.
553 554.
554 555.
555 556.
556 557.
557 558.
504 538.
538 539.
539 540.
540 541.
538 559.
559 560.
560 561.
561 562.
562 563.
563 564.
564 545.
561 565.
565 566.
566 567.
567 624.
624 568.
568 569.
569 570.
570 572.
572 573.
573 626.
626 576.
576 575.
575 577.
577 578.
578 555.
569 625.
625 548.
625 571.
571 572.
571 574.
574 554.
574 576.
576 575.
575 577.
534 545.
533 550.
532 553.
557 579.
579 580.
580 581.
581 582.
582 583.
583 606.
606 605.
605 604.
604 603.
603 602.
602 601.
601 630.
630 573.
630 599.
599 597.
597 594.
594 593
593 592.
592 591.
591 590.
590 589.
589 588.
588 587.
587 586.
586 585.
585 584.
584 505.
588 624.
594 597.
597 599.
599 627.
627 628.
628 600.
600 598.
598 596.
596 595.
595 594.
602 607.
607 608.
608 609.
609 610.
610 611.
611 612.
612 613.
613 614.
614 615.
615 616.
616 617.
617 618.
618 515.
617 619.
619 620.
620 621.
621 629.
629 592.
621 622.
622 623.
623 506.
622 512.
507 623.