1 -40 55 -14
2 40 55 -14
3 -40 -65 -14
4 40 -65 -14
5 -40 55 -16
6 40 55 -16
7 -40 -65 -16
8 40 -65 -16
9 0 -22.4 3

10 0 -21.7 4.1
11 -0.2 -21.84 4.2
12 -0.4 -21.98 4.4
13 -0.4 -22.12 4.6
14 -0.2 -22.26 4.8
15 0 -22.4 4.9
19 0.2 -21.84 4.2
18 0.4 -21.98 4.4
17 0.4 -22.12 4.6
16 0.2 -22.26 4.8

20 0 -21.1 4.8
21 -0.38 -21.26 4.9
22 -0.6 -21.42 5.3
23 -0.6 -21.58 5.7
24 -0.38 -21.74 5.9
25 0 -21.9 6
29 0.38 -21.26 4.9
28 0.6 -21.42 5.3
27 0.6 -21.58 5.7
26 0.38 -21.74 5.9

30 0 -19.8 5.4
31 -0.6 -20.1 5.6
32 -1 -20.4 6
33 -1 -20.7 6.6
34 -0.6 -21 7
35 0 -21.3 7.2
39 0.6 -20.1 5.6
38 1 -20.4 6
37 1 -20.7 6.6
36 0.6 -21 7

40 0 -18.2 5.6
41 -0.6 -18.66 5.8
42 -1.1 -19.12 6.4
43 -1.1 -19.58 7.2
44 -0.6 -20.04 7.8
45 0 -20.5 8
49 0.6 -18.66 5.8
48 1.1 -19.12 6.4
47 1.1 -19.58 7.2
46 0.6 -20.04 7.8

50 0 -17 5.8
51 -1.2 -17.4 6.2
52 -1.8 -17.8 7.2
53 -1.8 -18.2 8
54 -1.2 -18.6 9.1
55 0 -19 9.5
59 1.2 -17.4 6.2
58 1.8 -17.8 7.2
57 1.8 -18.2 8
56 1.2 -18.6 9.1

60 0 -15 6.
61 -1.4 -15.4 6.4
62 -2.2 -15.8 7.4
63 -2.2 -16.2 8.6
64 -1.4 -16.6 9.8
65 0 -17 10.5
69 1.4 -15.4 6.4
68 2.2 -15.8 7.4
67 2.2 -16.2 8.6
66 1.4 -16.6 9.8

70 0 -13 5.6
71 -1.8 -13.4 6.2
72 -2.9 -13.8 7.6 
73 -2.9 -14.2 9.2
74 -1.8 -14.6 10.6
75 0 -15 11.4
79 1.8 -13.4 6.2
78 2.9 -13.8 7.6 
77 2.9 -14.2 9.2
76 1.8 -14.6 10.6

80 0 -11 6.
81 -1.6 -11.4 6.5
82 -2.5 -11.8 7.7
83 -2.5 -12.2 9.1
84 -1.6 -12.6 10.5
85 0 -13 11.4
89 1.6 -11.4 6.5
88 2.5 -11.8 7.7
87 2.5 -12.2 9.1
86 1.6 -12.6 10.5

90 0 -10 6.4
91 -1.4 -10.32 6.8
92 -2.2 -10.64 7.8
93 -2.2 -10.96 9
94 -1.4 -11.28 10.2
95 0 -11.6 10.9
99 1.4 -10.32 6.8
98 2.2 -10.64 7.8
97 2.2 -10.96 9
96 1.4 -11.28 10.2

100 0 -9 7.
101 -1 -9.2 7.2
102 -1.6 -9.4 8
103 -1.6 -9.6 8.9
104 -1 -9.8 9.8
105 0 -10 10.
109 1 -9.2 7.2
108 1.6 -9.4 8
107 1.6 -9.6 8.9
106 1 -9.8 9.8

110 0 -8 8.
111 -0.3 -8 8.1
112 -0.5 -8 8.3
113 -0.5 -8 8.7
114 -0.3 -8 8.9 
115 0 -8 9.
119 0.3 -8 8.1
118 0.5 -8 8.3
117 0.5 -8 8.7
116 0.3 -8 8.9

120 0 -7 8.
121 -0.3 -7 8.1 
122 -0.5 -7 8.3
123 -0.5 -7 8.7
124 -0.3 -7 8.9
125 0 -7 9.
129 0.3 -7 8.1 
128 0.5 -7 8.3
127 0.5 -7 8.7
126 0.3 -7 8.9

130 0 -6 7
131 -1.3 -6 7.6 
132 -2 -6 8.4
133 -2 -6 9.4
134 -1.4 -6 10.6
135 0 -6 11
139 1.3 -6 7.6 
138 2 -6 8.4
137 2 -6 9.4
136 1.4 -6 10.6

140 0 -3 6.6
141 -2.2 -3 7.2
142 -3 -3 9.
143 -3 -3 10.5
144 -2.2 -3 12.2
145 0 -3 12.6
149 2.2 -3 7.2
148 3 -3 9.
147 3 -3 10.5
146 2.2 -3 12.2

150 0 -1 6.8
151 -2 -1 7.8
152 -3 -1 9.4
153 -3 -1 10.8
154 -2 -1 12.6
155 0 -1 13.1
159 2 -1 7.8
158 3 -1 9.4
157 3 -1 10.8
156 2 -1 12.6

160 0 1 7.
161 -2 1 8.
162 -3 1 9.6
163 -3 1 11.
164 -2 1 12.8
165 0 1 13.4
169 2 1 8.
168 3 1 9.6
167 3 1 11.
166 2 1 12.8

170 0 3 7.4
171 -2 3 8.2
172 -3 3 9.8
173 -3 3 11.2
174 -2 3 12.8
175 0 3 13.6
179 2 3 8.2
178 3 3 9.8
177 3 3 11.2
176 2 3 12.8

180 0 5 8.
181 -1.8 5 8.8
182 -2.5 5 10.
183 -2.5 5 11.
184 -1.8 5 12.2
185 0 5 13.
189 1.8 5 8.8
188 2.5 5 10.
187 2.5 5 11.
186 1.8 5 12.2

190 0 6 8.5
191 -0.8 6 8.8
192 -1.2 6 9.4
193 -1.2 6 10.2
194 -0.8 6 10.8
195 0 6 11.
199 0.8 6 8.8
198 1.2 6 9.4
197 1.2 6 10.2
196 0.8 6 10.8

200 0 7 9.
201 -0.3 7 9.1
202 -0.5 7 9.3
203 -0.5 7 9.7
204 -0.3 7 9.9
205 0 7 10.
209 0.3 7 9.1
208 0.5 7 9.3
207 0.5 7 9.7
206 0.3 7 9.9

210 0 7.8 8
211 -1.4 7.94 8.4
212 -2 8.08 9.5
213 -2 8.22 10.5 
214 -1.4 8.36 11.4
215 0 8.5 11.8
219 1.4 7.94 8.4
218 2 8.08 9.5
217 2 8.22 10.5 
216 1.4 8.36 11.4

220 0 8 7.
221 -1.6 8.22 8
222 -2.47 8.44 10
223 -2.8 8.66 11.6
224 -2 8.88 12.4
225 0 9.1 12.6 
229 1.6 8.22 8
228 2.47 8.44 10
227 2.8 8.66 11.6
226 2 8.88 12.4

230 0 9 7.5
231 -1.4 9.16 8.3
232 -2.1 9.32 10
233 -2.4 9.48 11.4
234 -1.7 9.64 12
235 0 9.8 12.3
239 1.4 9.16 8.3
238 2.1 9.32 10
237 2.4 9.48 11.4
236 1.7 9.64 12

240 0 9.6 8
241 -1 9.76 8.8
242 -1.6 9.92 10
243 -1.8 10.08 11
244 -1.3 10.24 11.6
245 0 10.4 12
249 1 9.76 8.8
248 1.6 9.92 10
247 1.8 10.08 11
246 1.3 10.24 11.6

250 0 10.4 9
251 -0.6 10.48 9.2
252 -1 10.56 10
253 -1 10.64 10.5
254 -0.6 10.72 10.7
255 0 10.8 11
256 0.6 10.72 10.7
257 1 10.64 10.5
258 1 10.56 10
259 0.6 10.48 9.2
260 0 10.8 10

261 -0.5 10.2 10
262 -0.75 11.2 9.8
263 -1 12 9.8
264 -1.25 13 10.2
265 -1.5 15 10.4
266 -1.75 16 9.6
267 -2 15.6 9

268 0.5 10.2 10
269 0.75 11.2 9.8
270 1 12 9.8
271 1.25 13 10.2
272 1.5 15 10.4
273 1.75 16 9.6
274 2 15.6 9

275 0 0 0.
276 0 0 0.
277 0 0 0.
278 0 0 0.
279 0 0 0.
280 0 0 0.
281 0 0 0.
282 0 0 0.
283 0 0 0.
284 0 0 0.
285 0 0 0.
286 0 0 0.
287 0 0 0.
288 0 0 0.
289 0 0 0.
290 0 0 0.
291 0 0 0.
292 0 0 0.
293 0 0 0.
294 0 0 0.
295 0 0 0.
296 0 0 0.
297 0 0 0.
298 0 0 0.
299 0 0 0.
300 0 0 0.

301 -2 3 12.8
302 -2 3 12.8
303 -2 3 12.8
304 -2 -1 14.
305 -2 -2 14.1
306 -2 -3 14.
307 -2 -5 13.8
308 -2 -6 13.4
309 -2 -7.4 14
310 -2 -9 14.7
311 -2 -11.2 16
312 -2 -13 17.2
313 -2 -14 18.
314 -2 -14.4 18.4
315 -2 -14.4 19
316 -2 -15.2 20
317 -2 -15.8 21
318 -2 -16 22.
319 -2 -16.2 23
320 -2 -16 24.
321 -2 -16.6 24.8
322 -2 -17 26.
323 -2 -17.4 27
324 -2 -17.6 28
325 -2 -18 30.
326 -2 -17.8 31
327 -2 -17 31.6
328 -2 -16 31.2
329 -2 -15 30.5
330 -2 -13.1 29.2
331 -2 -11.6 28
332 -2 -9.2 26
333 -2 -7.9 24
334 -2 -5 21.6
335 -2 -3 19.2
336 -2 -1.9 18


337 -2 -1.6 16.6
338 -2 -1.6 14.8
339 -2 -1.8 15.9
340 -2 -2.2 16.2
341 -2 -2.3 16.8
342 -2 -2.7 17
343 -2 -3.8 19.5
344 -2 -4.1 19.5
345 -2 -5 20
346 -2 -6.6 21
347 -2 -7.4 23.1
348 -2 -8.2 23.7
349 -2 -9.1 24.4
350 -2 -9 24.7
351 -2 -9 25.4
352 -2 -9.8 25.5
353 -2 -10.2 26
354 -2 -11 26
355 -2 -12.8 27.2
356 -2 -12.8 27.7
357 -2 -13.1 27.9
358 -2 -14.8 29.2
359 -2 -2.7 16
360 -2 -3.1 16
361 -2 -4 16.8
362 -2 -4.3 18
363 -2 -4.8 18.4
364 -2 -5.5 19.4
365 -2 -5.2 18
366 -2 -5.5 18
367 -2 -6 19.2
368 -2 -7.5 20.3
369 -2 -8 20.5
370 -2 -9 20.7
371 -2 -9.7 23.4
372 -2 -11 22.6 
373 -2 -11.3 23
374 -2 -10.5 24.2
375 -2 -11.6 24.8
376 -2 -11.7 24.4
377 -2 -12 25.4
378 -2 -12.8 26.8
379 -2 -13.6 27.4
380 -2 -14.6 27.4
381 -2 -15.4 27.6
382 -2 -16 28
383 -2 -17 29
384 -2 -3.2 15
385 -2 -3.7 15
386 -2 -5 16.2
387 -2 -5 16.4
388 -2 -5.6 16.7
389 -2 -7 17.6
390 -2 -7.6 17.6
391 -2 -8.4 18
392 -2 -9 18.4
393 -2 -9 18.7
394 -2 -9.3 18.9
395 -2 -9.7 19
396 -2 -10.1 19
397 -2 -9.2 20
398 -2 -10.7 20
399 -2 -11.2 21.7
400 -2 -11.7 20
401 -2 -12.4 23
402 -2 -12.8 23.6
403 -2 -13.6 24.8
404 -2 -14.4 24.8
405 -2 -15.6 26
406 -2 -15.7 27
407 -2 -13.5 23.6
408 -2 -14 23.8
409 -2 -15 23.8
410 -2 -13.5 23
411 -2 -13 22.5
412 -2 -12.8 22
413 -2 -13.2 21.6
414 -2 -15 22.2
415 -2 -14.2 21
416 -2 -13.3 20.9
417 -2 -12.6 18.5
418 -2 -13.6 19
419 -2 -11.8 18.2
420 -2 -11.7 18
421 -2 -10.8 18
422 -2 -7.3 16
423 -2 -6.8 16
424 -2 -7 19.5
425 -2 -8.4 22.6
426 -2 -11.9 24
427 -2 -13 20.8
428 -2 -12.7 20.8
429 -2 -10.5 18.6
430 -2 -11.7 23


452 0 0 0.
453 0 0 0.
454 0 0 0.
455 0 0 0.
456 0 0 0.
457 0 0 0.
458 0 0 0.
459 0 0 0.
460 0 0 0.
461 0 0 0.
462 0 0 0.
463 0 0 0.
464 0 0 0.
465 0 0 0.
466 0 0 0.
467 0 0 0.
468 0 0 0.
469 0 0 0.
470 0 0 0.
471 0 0 0.
472 0 0 0.
473 0 0 0.
474 0 0 0.
475 0 0 0.
476 0 0 0.
477 0 0 0.
478 0 0 0.
479 0 0 0.
480 0 0 0.
481 0 0 0.
482 0 0 0.
483 0 0 0.
484 0 0 0.
485 0 0 0.
486 0 0 0.
487 0 0 0.
488 0 0 0.
489 0 0 0.
490 0 0 0.
491 0 0 0.
492 0 0 0.
493 0 0 0.
494 0 0 0.
495 0 0 0.
496 0 0 0.
497 0 0 0.
498 0 0 0.
499 0 0 0.
500 0 0 0.

501 2 3 12.8
502 2 3 12.8
503 2 3 12.8
504 2 -1 14.
505 2 -2 14.1
506 2 -3 14.
507 2 -5 13.8
508 2 -6 13.4
509 2 -7.4 14
510 2 -9 14.7
511 2 -11.2 16
512 2 -13 17.2
513 2 -14 18.
514 2 -14.4 18.4
515 2 -14.4 19
516 2 -15.2 20
517 2 -15.8 21
518 2 -16 22.
519 2 -16.2 23
520 2 -16 24.
521 2 -16.6 24.8
522 2 -17 26.
523 2 -17.4 27
524 2 -17.6 28
525 2 -18 30.
526 2 -17.8 31
527 2 -17 31.6
528 2 -16 31.2
529 2 -15 30.5
530 2 -13.1 29.2
531 2 -11.6 28
532 2 -9.2 26
533 2 -7.9 24
534 2 -5 21.6
535 2 -3 19.2
536 2 -1.9 18
537 2 -1.6 16.6
538 2 -1.6 14.8
539 2 -1.8 15.9
540 2 -2.2 16.2
541 2 -2.3 16.8
542 2 -2.7 17
543 2 -3.8 19.5
544 2 -4.1 19.5
545 2 -5 20
546 2 -6.6 21
547 2 -7.4 23.1
548 2 -8.2 23.7
549 2 -9.1 24.4
550 2 -9 24.7
551 2 -9 25.4
552 2 -9.8 25.5
553 2 -10.2 26
554 2 -11 26
555 2 -12.8 27.2
556 2 -12.8 27.7
557 2 -13.1 27.9
558 2 -14.8 29.2
559 2 -2.7 16
560 2 -3.1 16
561 2 -4 16.8
562 2 -4.3 18
563 2 -4.8 18.4
564 2 -5.5 19.4
565 2 -5.2 18
566 2 -5.5 18
567 2 -6 19.2
568 2 -7.5 20.3
569 2 -8 20.5
570 2 -9 20.7
571 2 -9.7 23.4
572 2 -11 22.6 
573 2 -11.3 23
574 2 -10.5 24.2
575 2 -11.6 24.8
576 2 -11.7 24.4
577 2 -12 25.4
578 2 -12.8 26.8
579 2 -13.6 27.4
580 2 -14.6 27.4
581 2 -15.4 27.6
582 2 -16 28
583 2 -17 29
584 2 -3.2 15
585 2 -3.7 15
586 2 -5 16.2
587 2 -5 16.4
588 2 -5.6 16.7
589 2 -7 17.6
590 2 -7.6 17.6
591 2 -8.4 18
592 2 -9 18.4
593 2 -9 18.7
594 2 -9.3 18.9
595 2 -9.7 19
596 2 -10.1 19
597 2 -9.2 20
598 2 -10.7 20
599 2 -11.2 21.7
600 2 -11.7 20
601 2 -12.4 23
602 2 -12.8 23.6
603 2 -13.6 24.8
604 2 -14.4 24.8
605 2 -15.6 26
606 2 -15.7 27
607 2 -13.5 23.6
608 2 -14 23.8
609 2 -15 23.8
610 2 -13.5 23
611 2 -13 22.5
612 2 -12.8 22
613 2 -13.2 21.6
614 2 -15 22.2
615 2 -14.2 21
616 2 -13.3 20.9
617 2 -12.6 18.5
618 2 -13.6 19
619 2 -11.8 18.2
620 2 -11.7 18
621 2 -10.8 18
622 2 -7.3 16
623 2 -6.8 16
624 2 -7 19.5
625 2 -8.4 22.6
626 2 -11.9 24
627 2 -13 20.8
628 2 -12.7 20.8
629 2 -10.5 18.6
630 2 -11.7 23





431 2 -6 9.4
432 5 -13 12
433 9 -22 2
434 5.6 -12.5 11
435 8.5 -21.6 2
436 4.6 -13.6 11
437 8 -22.4 2
 
438 3 -1 9.4
439 6 -4 11
440 11 -11 2
441 6.4 -3.5 10
442 10 -9.5 2
443 5.6 -4.5 10
444 9.7 -10.5 2
 
445 2 3 9.8
446 5 4 12
447 7 4 2
448 5 4.5 11
449 6 4.5 2
450 5 3.5 11
451 6 3.5 2





631 -2 -6 9.4
632 -5 -13 12
633 -9 -22 2
634 -5.6 -12.5 11
635 -8.5 -21.6 2
636 -4.6 -13.6 11
637 -8 -22.4 2
 
638 -3 -1 9.4
639 -6 -4 11
640 -11 -11 2
641 -6.4 -3.5 10
642 -10 -9.5 2
643 -5.6 -4.5 10
644 -9.7 -10.5 2
 
645 -2 3 9.8
646 -5 4 12
647 -7 4 2
648 -5 4.5 11
649 -6 4.5 2
650 -5 3.5 11
651 -6 3.5 2



653 -2 3 12.8
654 2 3 12.8

655 -0.5 -7 8.3
656 0.5 -7 8.3






Faces:


261 262.
262 263.
263 264.
264 265.
265 266.
266 267.

268 269.
269 270.
270 271.
271 272.
272 273.
273 274.


250 251 260 250. 
251 252 260 251.
252 253 260 252.
253 254 260 253.
254 255 260 254.
255 256 260 255.
256 257 260 256.
257 258 260 257.
258 259 260 258.
259 250 260 259.

250 251 241 240 250. 240 241 251 250.
251 252 242 241 251. 241 242 252 251.
252 253 243 242 252. 242 243 253 252.
253 254 244 243 253. 243 244 254 253.
254 255 245 244 254. 244 245 255 254.
255 256 246 245 255. 245 246 256 255.
256 257 247 246 256. 246 247 257 256.
257 258 248 247 257. 247 248 258 257.
258 259 249 248 258. 248 249 259 258.
259 250 240 249 259. 249 240 250 259. 

240 241 231 230 240. 230 231 241 240.
241 242 232 231 241. 231 232 242 241.
242 243 233 232 242. 232 233 243 242.
243 244 234 233 243. 233 234 244 243.
244 245 235 234 244. 234 235 245 244.
245 246 236 235 245. 235 236 246 245.
246 247 237 236 246. 236 237 247 246.
247 248 238 237 247. 237 238 248 247.
248 249 239 238 248. 238 239 249 248.
249 240 230 239 249. 239 230 240 249. 

230 231 221 220 230. 220 221 231 230.
231 232 222 221 231. 221 222 232 231.
232 233 223 222 232. 222 223 233 232.
233 234 224 223 233. 223 224 234 233.
234 235 225 224 234. 224 225 235 234.
235 236 226 225 235. 225 226 236 235.
236 237 227 226 236. 226 227 237 236.
237 238 228 227 237. 227 228 238 237.
238 239 229 228 238. 228 229 239 238.
239 230 220 229 239. 229 220 230 239. 

220 221 211 210 220. 210 211 221 220.
221 222 212 211 221. 211 212 222 221.
222 223 213 212 222. 212 213 223 222.
223 224 214 213 223. 213 214 224 223.
224 225 215 214 224. 214 215 225 224.
225 226 216 215 225. 215 216 226 225.
226 227 217 216 226. 216 217 227 226.
227 228 218 217 227. 217 218 228 227.
228 229 219 218 228. 218 219 229 228.
229 220 210 219 229. 219 210 220 229.

210 211 201 200 210. 200 201 211 210.
211 212 202 201 211. 201 202 212 211.
212 213 203 202 212. 202 203 213 212.
213 214 204 203 213. 203 204 214 213.
214 215 205 204 214. 204 205 215 214.
215 216 206 205 215. 205 206 216 215.
216 217 207 206 216. 206 207 217 216.
217 218 208 207 217. 207 208 218 217.
218 219 209 208 218. 208 209 219 218.
219 210 200 209 219. 209 200 210 219.

200 201 191 190 200. 190 191 201 200.
201 202 192 191 201. 191 192 202 201.
202 203 193 192 202. 192 193 203 202.
203 204 194 193 203. 193 194 204 203.
204 205 195 194 204. 194 195 205 204.
205 206 196 195 205. 195 196 206 205.
206 207 197 196 206. 196 197 207 206.
207 208 198 197 207. 197 198 208 207.
208 209 199 198 208. 198 199 209 208.
209 200 190 199 209. 199 190 200 209.

190 191 181 180 190. 180 181 191 190.
191 192 182 181 191. 181 182 192 191.
192 193 183 182 192. 182 183 193 192.
193 194 184 183 193. 183 184 194 193.
194 195 185 184 194. 184 185 195 194.
195 196 186 185 195. 185 186 196 195.
196 197 187 186 196. 186 187 197 196.
197 198 188 187 197. 187 188 198 197.
198 199 189 188 198. 188 189 199 198.
199 190 180 189 199. 189 180 190 199.

180 181 171 170 180. 170 171 181 180.
181 182 172 171 181. 171 172 182 181.
182 183 173 172 182. 172 173 183 182.
183 184 174 173 183. 173 174 184 183.
184 185 175 174 184. 174 175 185 184.
185 186 176 175 185. 175 176 186 185.
186 187 177 176 186. 176 177 187 186.
187 188 178 177 187. 177 178 188 187.
188 189 179 178 188. 178 179 189 188.
189 180 170 179 189. 179 170 180 189.

170 171 161 160 170. 160 161 171 170.
171 172 162 161 171. 161 162 172 171.
172 173 163 162 172. 162 163 173 172.
173 174 164 163 173. 163 164 174 173.
174 175 165 164 174. 164 165 175 174.
175 176 166 165 175. 165 166 176 175.
176 177 167 166 176. 166 167 177 176.
177 178 168 167 177. 167 168 178 177.
178 179 169 168 178. 168 169 179 178.
179 170 160 169 179. 169 160 170 179.

160 161 151 150 160. 150 151 161 160.
161 162 152 151 161. 151 152 162 161.
162 163 153 152 162. 152 153 163 162.
163 164 154 153 163. 153 154 164 163.
164 165 155 154 164. 154 155 165 164.
165 166 156 155 165. 155 156 166 165.
166 167 157 156 166. 156 157 167 166.
167 168 158 157 167. 157 158 168 167.
168 169 159 158 168. 158 159 169 168.
169 160 150 159 169. 159 150 160 169.

150 151 141 140 150. 140 141 151 150.
151 152 142 141 151. 141 142 152 151.
152 153 143 142 152. 142 143 153 152.
153 154 144 143 153. 143 144 154 153.
154 155 145 144 154. 144 145 155 154.
155 156 146 145 155. 145 146 156 155.
156 157 147 146 156. 146 147 157 156.
157 158 148 147 157. 147 148 158 157.
158 159 149 148 158. 148 149 159 158.
159 150 140 149 159. 149 140 150 159.

140 141 131 130 140. 130 131 141 140.
141 142 132 131 141. 131 132 142 141.
142 143 133 132 142. 132 133 143 142.
143 144 134 133 143. 133 134 144 143.
144 145 135 134 144. 134 135 145 144.
145 146 136 135 145. 135 136 146 145.
146 147 137 136 146. 136 137 147 146.
147 148 138 137 147. 137 138 148 147.
148 149 139 138 148. 138 139 149 148.
149 140 130 139 149. 139 130 140 149.

130 131 121 120 130. 120 121 131 130.
131 132 122 121 131. 121 122 132 131.
132 133 123 122 132. 122 123 133 132.
133 134 124 123 133. 123 124 134 133.
134 135 125 124 134. 124 125 135 134.
135 136 126 125 135. 125 126 136 135.
136 137 127 126 136. 126 127 137 136.
137 138 128 127 137. 127 128 138 137.
138 139 129 128 138. 128 129 139 138.
139 130 120 129 139. 129 120 130 139.

120 121 111 110 120. 110 111 121 120.
121 122 112 111 121. 111 112 122 121.
122 123 113 112 122. 112 113 123 122.
123 124 114 113 123. 113 114 124 123.
124 125 115 114 124. 114 115 125 124.
125 126 116 115 125. 115 116 126 125.
126 127 117 116 126. 116 117 127 126.
127 128 118 117 127. 117 118 128 127.
128 129 119 118 128. 118 119 129 128.
129 120 110 119 129. 119 110 120 129.

110 111 101 100 110. 100 101 111 110.
111 112 102 101 111. 101 102 112 111.
112 113 103 102 112. 102 103 113 112.
113 114 104 103 113. 103 104 114 113.
114 115 105 104 114. 104 105 115 114.
115 116 106 105 115. 105 106 116 115.
116 117 107 106 116. 106 107 117 116.
117 118 108 107 117. 107 108 118 117.
118 119 109 108 118. 108 109 119 118.
119 110 100 109 119. 109 100 110 119.

100 101 91 90 100. 90 91 101 100.
101 102 92 91 101. 91 92 102 101.
102 103 93 92 102. 92 93 103 102.
103 104 94 93 103. 93 94 104 103.
104 105 95 94 104. 94 95 105 104.
105 106 96 95 105. 95 96 106 105.
106 107 97 96 106. 96 97 107 106.
107 108 98 97 107. 97 98 108 107.
108 109 99 98 108. 98 99 109 108.
109 100 90 99 109. 99 90 100 109.

90 91 81 80 90. 80 81 91 90.
91 92 82 81 91. 81 82 92 91.
92 93 83 82 92. 82 83 93 92.
93 94 84 83 93. 83 84 94 93.
94 95 85 84 94. 84 85 95 94.
95 96 86 85 95. 85 86 96 95.
96 97 87 86 96. 86 87 97 96.
97 98 88 87 97. 87 88 98 97.
98 99 89 88 98. 88 89 99 98.
99 90 80 89 99. 89 80 90 99.

80 81 71 70 80. 70 71 81 80.
81 82 72 71 81. 71 72 82 81.
82 83 73 72 82. 72 73 83 82.
83 84 74 73 83. 73 74 84 83.
84 85 75 74 84. 74 75 85 84.
85 86 76 75 85. 75 76 86 85.
86 87 77 76 86. 76 77 87 86.
87 88 78 77 87. 77 78 88 87.
88 89 79 78 88. 78 79 89 88.
89 80 70 79 89. 79 70 80 89.

70 71 61 60 70. 60 61 71 70.
71 72 62 61 71. 61 62 72 71.
72 73 63 62 72. 62 63 73 72.
73 74 64 63 73. 63 64 74 73.
74 75 65 64 74. 64 65 75 74.
75 76 66 65 75. 65 66 76 75.
76 77 67 66 76. 66 67 77 76.
77 78 68 67 77. 67 68 78 77.
78 79 69 68 78. 68 69 79 78.
79 70 60 69 79. 69 60 70 79.

60 61 51 50 60. 50 51 61 60.
61 62 52 51 61. 51 52 62 61.
62 63 53 52 62. 52 53 63 62.
63 64 54 53 63. 53 54 64 63.
64 65 55 54 64. 54 55 65 64.
65 66 56 55 65. 55 56 66 65.
66 67 57 56 66. 56 57 67 66.
67 68 58 57 67. 57 58 68 67.
68 69 59 58 68. 58 59 69 68.
69 60 50 59 69. 59 50 60 69.

50 51 41 40 50. 40 41 51 50.
51 52 42 41 51. 41 42 52 51.
52 53 43 42 52. 42 43 53 52.
53 54 44 43 53. 43 44 54 53.
54 55 45 44 54. 44 45 55 54.
55 56 46 45 55. 45 46 56 55.
56 57 47 46 56. 46 47 57 56.
57 58 48 47 57. 47 48 58 57.
58 59 49 48 58. 48 49 59 58.
59 50 40 49 59. 49 40 50 59.

40 41 31 30 40. 30 31 41 40.
41 42 32 31 41. 31 32 42 41.
42 43 33 32 42. 32 33 43 42.
43 44 34 33 43. 33 34 44 43.
44 45 35 34 44. 34 35 45 44.
45 46 36 35 45. 35 36 46 45.
46 47 37 36 46. 36 37 47 46.
47 48 38 37 47. 37 38 48 47.
48 49 39 38 48. 38 39 49 48.
49 40 30 39 49. 39 30 40 49.

30 31 21 20 30. 20 21 31 30.
31 32 22 21 31. 21 22 32 31.
32 33 23 22 32. 22 23 33 32.
33 34 24 23 33. 23 24 34 33.
34 35 25 24 34. 24 25 35 34.
35 36 26 25 35. 25 26 36 35.
36 37 27 26 36. 26 27 37 36.
37 38 28 27 37. 27 28 38 37.
38 39 29 28 38. 28 29 39 38.
39 30 20 29 39. 29 20 30 39.

20 21 11 10 20. 10 11 21 20.
21 22 12 11 21. 11 12 22 21.
22 23 13 12 22. 12 13 23 22.
23 24 14 13 23. 13 14 24 23.
24 25 15 14 24. 14 15 25 24.
25 26 16 15 25. 15 16 26 25.
26 27 17 16 26. 16 17 27 26.
27 28 18 17 27. 17 18 28 27.
28 29 19 18 28. 18 19 29 28.
29 20 10 19 29. 19 10 20 29.

10 11 9.
11 12 9.
12 13 9.
13 14 9.
14 15 9.
15 16 9.
16 17 9.
17 18 9.
18 19 9.
19 10 9.



431 434 432 431. 432 434 431.
431 432 436 431. 436 432 431.
431 434 436 431. 436 434 431.
434 432 433 435 434. 435 433 432 434.
432 436 437 433 432. 433 437 436 432.
434 436 437 435 434. 435 437 436 434.
433 435 437. 435 433.


438 441 439 438. 439 441 438.
438 439 443 438. 443 439 438.
438 443 441 438. 441 443 438.
441 439 440 442 441. 442 440 439 441.
439 440 444 443 439. 443 444 440 439.
443 441 442 444 443. 444 442 441 443.
440 442 444 440. 444 442 440.


445 448 446 445. 446 448 445.
445 446 450 445. 450 446 445.
445 450 448 445. 448 450 445.
448 449 447 446 448. 446 447 449 448.
446 447 451 450 446. 450 451 447 446.
448 449 451 450 448. 450 451 449 448.
449 451 447 449. 447 451 449.





631 634 632 631. 632 634 631.
631 632 636 631. 636 632 631.
631 634 636 631. 636 634 631.
634 632 633 635 634. 635 633 632 634.
632 636 637 633 632. 633 637 636 632.
634 636 637 635 634. 635 637 636 634.
633 635 637. 635 633.


638 641 639 638. 639 641 638.
638 639 643 638. 643 639 638.
638 643 641 638. 641 643 638.
641 639 640 642 641. 642 640 639 641.
639 640 644 643 639. 643 644 640 639.
643 641 642 644 643. 644 642 641 643.
640 642 644 640. 644 642 640.


645 648 646 645. 646 648 645.
645 646 650 645. 650 646 645.
645 650 648 645. 648 650 645.
648 649 647 646 648. 646 647 649 648.
646 647 651 650 646. 650 651 647 646.
648 649 651 650 648. 650 651 649 648.
649 651 647 649. 647 651 649.
